pose:
  targets:
    Mesa1_lateral1:
      px: -0.30051189661
      py: -1.02420330048
      pz: 0.0
      ox: 0.0
      oy: 0.0
      oz: -0.715225726167
      ow: 0.69889352596
    Mesa2_lateral1:
      px: 0.604959487915
      py: -0.0770465135574
      pz: 0.0
      ox: 0.0
      oy: 0.0
      oz: 0.0
      ow: 1.0
    Mesa2_lateral2:
      px: 1.31809186935
      py: -0.618842244148
      pz: 0.0 
      ox: 0.0
      oy: 0.0
      oz: 0.724959723472
      ow: 0.68879125963
    Mesa2_lateral3:
      px: 1.94013738632
      py: -0.0993282794952
      pz: 0.0
      ox: 0.0
      oy: 0.0
      oz: 0.994702791545
      ow: 0.102792784246





