pose:
  targets:

    start_pose:
      px: 0.0899378924995
      py: -0.305212523966
      pz: 0.0 
      ox: 0.0
      oy: 0.0
      oz: -0.227256432569
      ow: 0.973834952061



    intermediaria1:
      px: 1.09287391766
      py: -0.935689848165
      pz: 0.0 
      ox: 0.0
      oy: 0.0
      oz: 0.348866929966
      ow: 0.937172270811


    WS1:
      px: 1.47277686538
      py: -0.095289893626
      pz: 0.0 
      ox: 0.0
      oy: 0.0
      oz: 0.567905752995
      ow: 0.823093588674

    WS2:
      px: 2.21216598514
      py: -1.23389753952
      pz: 0.0
      ox: 0.0
      oy: 0.0
      oz: -0.116602951037
      ow: 0.993178610225